Casey Luettgen,Ice,Austin US
Roadhog,Tank
34,5739,4723,2
18,5575,3430,3
15,11134,106,7
31,8032,3771,3
13,18788,279,6
41,4417,331,4
12,17022,3361,9
22,6226,5571,3
Hong Seu Lee,Croc,Seoul KR
Solider:76,Damage
8,20049,976,4
13,24613,1961,8
11,27522,2333,7
27,22039,2328,0
24,29722,1793,9
33,18,2722,8
22,29317,1733,4
Robert Sokol,KolAid,Memphis US
Zenyatta,Support
2,8828,1128,1
35,13251,5257,7
6,15766,11999,9
18,7659,12885,1
27,2233,17271,7
38,17932,4608,4
29,4431,14670,2
12,1423,13231,9
3,16318,156,2
17,10220,4371,1
Jianxin Jia,Prof,Beijing CN
Reaper,Damage
15,2278,2364,6
33,8834,1179,7
10,18070,2502,9
23,181,1843,9
24,20194,2027,8
41,7185,702,7
12,6997,2112,2
Robby Capwell,Cap,Los Angeles US
Ana,Support
40,17504,3667,8
5,9878,13105,8
24,7854,14805,6
17,16169,15981,2
42,5236,10564,2
10,15620,11229,7
3,11065,2098,5
Johannes Inman,Max,Skive DK
Baptiste,Supoort
44,9668,3619,0
15,14051,6186,3
22,10340,14769,2
36,12132,19893,8
24,1380,17564,7
17,17700,2434,8
28,9390,18859,1
1,8759,13855,5
Anthony Jacobs,SinBin,London GB
Sigma,Tank
8,4351,0,7
10,7169,0,3
16,8234,0,6
8,11785,0,3
25,7257,0,5
18,12634,0,4
Steve Kell,Freezer,Ontario CA
Mei,Damage
10,5111,624,8
20,27422,2976,3
4,22634,1736,6
36,21669,2559,7
21,18292,1884,2
26,5659,594,9
Dakota McDermott,Koats,Atlanta US
Zarya,Tank
13,7915,0,6
31,8985,0,5
20,15290,0,8
19,5090,0,5
1,3133,0,5
22,12735,0,4